state,population,year,turnout,voters
Alabama,4903185,2016,56.4,276539634
Alaska,731545,2016,59.4,43453773
Arizona,7278717,2016,53.3,387955616.09999996
Arkansas,3017804,2016,56,168997024
California,39512223,2016,48.2,1904489148.6000001
Colorado,5758736,2016,63.8,367407356.8
Connecticut,3565287,2016,57.5,205004002.5
Delaware,973764,2016,57.2,55699300.800000004
District of Columbia,705749,2016,68.7,48484956.300000004
Florida,21477737,2016,52.9,1136172287.3
Georgia,10617423,2016,55.7,591390461.1
Hawaii,1415872,2016,43.3,61307257.599999994
Idaho,1787065,2016,58.3,104185889.5
Illinois,12671821,2016,58.8,745103074.8
Indiana,6732219,2016,56,377004264
Iowa,3155070,2016,60.7,191512749
Kansas,2913314,2016,58,168972212
Kentucky,4467673,2016,55.3,247062316.89999998
Louisiana,4648794,2016,59.7,277533001.8
Maine,1344212,2016,71.3,95842315.6
Maryland,6045680,2016,59.2,357904256
Massachusetts,6892503,2016,61.7,425267435.1
Michigan,9986857,2016,61.8,617187762.6
Minnesota,5639632,2016,65.3,368267969.59999996
Mississippi,2976149,2016,66.7,198509138.3
Missouri,6137428,2016,62.8,385430478.4
Montana,1068778,2016,65.2,69684325.60000001
Nebraska,1934408,2016,63.4,122641467.2
Nevada,3080156,2016,53.5,164788346
New Hampshire,1359711,2016,66.9,90964665.9
New Jersey,8882190,2016,53.4,474308946
New Mexico,2096829,2016,49.4,103583352.6
New York,19453561,2016,50.7,986295542.7
North Carolina,10488084,2016,61.6,646065974.4
North Dakota,762062,2016,62.1,47324050.2
Ohio,11689100,2016,61.4,717710740
Oklahoma,3956971,2016,53.2,210510857.20000002
Oregon,4217737,2016,61,257281957
Pennsylvania,12801989,2016,60.2,770679737.8000001
Rhode Island,1059361,2016,55.5,58794535.5
South Carolina,5148714,2016,59.8,307893097.2
South Dakota,884659,2016,57.3,50690960.699999996
Tennessee,6829174,2016,52,355117048
Texas,28995881,2016,47.7,1383103523.7
Utah,3205958,2016,58.9,188830926.2
Vermont,623989,2016,61,38063329
Virginia,8535519,2016,62.6,534323489.40000004
Washington,7614893,2016,60.5,460701026.5
West Virginia,1792147,2016,50.4,90324208.8
Wisconsin,5822434,2016,68.7,400001215.8
Wyoming,578759,2016,63.5,36751196.5
